427500.0
112500.0
270000.0
283500.0
135000.0
130500.0
157500.0
405000.0
211500.0
360000.0
126000.0
315000.0
247500.0
297000.0
225000.0
166500.0
216000.0
255150.0
148500.0
202500.0
94500.0
450000.0
180000.0
90000.0
765000.0
382500.0
144000.0
229500.0
292500.0
74250.0
40500.0
337500.0
193500.0
267750.0
139500.0
67500.0
252000.0
900000.0
115290.0
279000.0
76500.0
234000.0
81000.0
108000.0
99000.0
198000.0
45000.0
238500.0
117000.0
153000.0
1350000.0
445500.0
495000.0
85500.0
306000.0
562500.0
189000.0
328500.0
310500.0
540000.0
171000.0
675000.0
121500.0
72000.0
65250.0
184500.0
103500.0
162000.0
165150.0
54000.0
243000.0
256500.0
33300.0
697500.0
101250.0
58500.0
110250.0
472500.0
196650.0
630000.0
432000.0
257625.0
143100.0
207000.0
288000.0
131400.0
720000.0
261000.0
99900.0
38250.0
175500.0
49500.0
83250.0
119250.0
63000.0
274500.0
90900.0
220500.0
47250.0
585000.0
139050.0
33750.0
145350.0
173250.0
531000.0
387000.0
1125000.0
36000.0
179100.0
206100.0
265500.0
118350.0
123750.0
116653.5
133650.0
324000.0
351000.0
441000.0
227250.0
51750.0
517500.0
396000.0
810000.0
178650.0
165600.0
69750.0
46948.5
616500.0
378000.0
89550.0
234135.0
42300.0
74061.0
175950.0
168750.0
391500.0
177012.0
364500.0
661500.0
240750.0
333000.0
342000.0
167400.0
50850.0
141750.0
176400.0
30150.0
155250.0
414000.0
52650.0
115200.0
67050.0
120150.0
373500.0
146250.0
213750.0
121900.5
231750.0
346500.0
191250.0
132372.0
159750.0
132750.0
91530.0
97731.0
170302.5
265581.0
73575.0
184135.5
160200.0
191700.0
253800.0
56700.0
369000.0
176175.0
134419.5
190399.5
716323.5
31500.0
57150.0
78750.0
236250.0
208350.0
38700.0
222750.0
72900.0
56250.0
62653.5
113400.0
92250.0
607500.0
215550.0
44550.0
161100.0
122400.0
60376.5
254700.0
787500.0
140400.0
185400.0
31950.0
129150.0
612000.0
47790.0
69372.0
134995.5
177750.0
301500.0
594000.0
164250.0
60750.0
45900.0
171261.0
128542.5
178200.0
73350.0
124200.0
82350.0
38025.0
360450.0
39600.0
634500.0
459000.0
87750.0
945000.0
463500.0
742500.0
151200.0
560250.0
89100.0
204750.0
36900.0
187650.0
32400.0
147150.0
119700.0
27000.0
990000.0
61875.0
355500.0
79650.0
37800.0
140850.0
195750.0
29250.0
423000.0
87448.5
326250.0
31531.5
105750.0
468000.0
97650.0
114750.0
418500.0
95850.0
652500.0
1575000.0
74700.0
62100.0
494100.0
249750.0
150750.0
116100.0
215100.0
179271.0
